name: tensorflow-gpu
channels:
  - defaults
dependencies:
  - backcall=0.1.0=py36_0
  - blas=1.0=mkl
  - ca-certificates=2020.1.1=0
  - certifi=2020.4.5.1=py36_0
  - colorama=0.4.3=py_0
  - cycler=0.10.0=py36h009560c_0
  - decorator=4.4.2=py_0
  - entrypoints=0.3=py36_0
  - freetype=2.9.1=ha9979f8_1
  - icc_rt=2019.0.0=h0cc432a_1
  - icu=58.2=ha66f8fd_1
  - intel-openmp=2020.0=166
  - ipykernel=5.1.4=py36h39e3cac_0
  - ipython=7.13.0=py36h5ca1d4c_0
  - ipython_genutils=0.2.0=py36_0
  - jedi=0.16.0=py36_1
  - jpeg=9b=hb83a4c4_2
  - jupyter_client=6.1.2=py_0
  - jupyter_core=4.6.3=py36_0
  - kiwisolver=1.1.0=py36ha925a31_0
  - libpng=1.6.37=h2a8f88b_0
  - libsodium=1.0.16=h9d3ae62_0
  - matplotlib=3.1.3=py36_0
  - matplotlib-base=3.1.3=py36h64f37c6_0
  - mkl=2020.0=166
  - mkl-service=2.3.0=py36hb782905_0
  - mkl_fft=1.0.15=py36h14836fe_0
  - mkl_random=1.1.0=py36h675688f_0
  - numpy-base=1.18.1=py36hc3f5095_1
  - openssl=1.1.1f=he774522_0
  - parso=0.6.2=py_0
  - pickleshare=0.7.5=py36_0
  - pip=20.0.2=py36_1
  - prompt-toolkit=3.0.4=py_0
  - prompt_toolkit=3.0.4=0
  - pygments=2.6.1=py_0
  - pyparsing=2.4.6=py_0
  - pyqt=5.9.2=py36h6538335_2
  - python=3.6.10=h9f7ef89_1
  - python-dateutil=2.8.1=py_0
  - pywin32=227=py36he774522_1
  - pyzmq=18.1.1=py36ha925a31_0
  - qt=5.9.7=vc14h73c81de_0
  - setuptools=46.1.3=py36_0
  - sip=4.19.8=py36h6538335_0
  - six=1.14.0=py36_0
  - sqlite=3.31.1=he774522_0
  - tornado=6.0.4=py36he774522_1
  - traitlets=4.3.3=py36_0
  - vc=14.1=h0510ff6_4
  - vs2015_runtime=14.16.27012=hf0eaf9b_1
  - wcwidth=0.1.9=py_0
  - wheel=0.34.2=py36_0
  - wincertstore=0.2=py36h7fe50ca_0
  - zeromq=4.3.1=h33f27b4_3
  - zlib=1.2.11=h62dcd97_3
  - pip:
    - absl-py==0.9.0
    - astor==0.8.1
    - bleach==1.5.0
    - cachetools==4.1.0
    - chardet==3.0.4
    - cython==0.29.17
    - deepdiff==4.3.2
    - gast==0.2.2
    - google-auth==1.14.0
    - google-auth-oauthlib==0.4.1
    - google-pasta==0.2.0
    - grpcio==1.28.1
    - h5py==2.10.0
    - html5lib==0.9999999
    - idna==2.9
    - imageio==2.8.0
    - keras==2.2.0
    - keras-applications==1.0.2
    - keras-preprocessing==1.0.1
    - labelme==3.10.0
    - markdown==3.2.1
    - mrcnn==0.2
    - networkx==2.4
    - numpy==1.18.2
    - oauthlib==3.1.0
    - opencv-python==4.2.0.34
    - opt-einsum==3.2.1
    - ordered-set==4.0.1
    - pillow==7.1.1
    - protobuf==3.11.3
    - pyasn1==0.4.8
    - pyasn1-modules==0.2.8
    - pywavelets==1.1.1
    - pyyaml==5.3.1
    - qtpy==1.9.0
    - requests==2.23.0
    - requests-oauthlib==1.3.0
    - rsa==4.0
    - scikit-image==0.16.2
    - scipy==1.4.1
    - tensorboard==1.8.0
    - tensorflow-gpu==1.8.0
    - tensorflow-gpu-estimator==2.1.0
    - termcolor==1.1.0
    - urllib3==1.25.9
    - werkzeug==1.0.1
    - wrapt==1.12.1
prefix: C:\Users\yao\anaconda3\envs\tensorflow-gpu

